12 2 2 3
24 3 2 4
36 3 2 6
48 4 2 6
60 4 3 5
120 5 3 8
180 6 3 10
240 6 4 10
360 6 5 12
720 9 5 16
840 8 7 15
1260 10 7 18
1680 12 7 20
2520 12 10 21
5040 15 12 28
7560 18 12 35
10080 21 12 40
15120 24 14 45
20160 28 15 48
25200 30 15 56
27720 28 18 55
45360 36 18 70
50400 36 20 70
55440 36 22 70
83160 40 27 77
110880 45 28 88
166320 55 28 108
221760 60 33 112
277200 66 35 120
332640 70 36 132
498960 77 45 144
554400 80 45 154
665280 88 45 168
720720 84 52 165
1081080 99 56 195
1441440 105 66 208
2162160 130 66 252
2882880 143 72 280
3603600 154 78 300
4324320 165 84 312
6486480 182 99 360
7207200 198 100 364
8648640 208 105 396
10810800 220 117 420
14414400 240 130 462
17297280 260 132 504
21621600 275 144 546
32432400 315 165 624
36756720 315 187 624
43243200 351 176 700
61261200 390 204 770
73513440 420 221 792
110270160 468 252 935
122522400 495 260 952
147026880 528 273 1020
183783600 560 297 1105
245044800 616 325 1224
294053760 663 336 1320
367567200 715 360 1428
551350800 819 425 1584
698377680 880 459 1729
735134400 900 462 1768
1102701600 1020 540 2002
1396755360 1120 561 2223
