15750 25 14 45
51975 33 25 63
32670 33 18 55
90750 50 33 55
15750 25 14 45
30870 30 21 49
75460 49 28 55
24750 30 15 55
13230 21 15 42
2520 12 10 21
2520 12 10 21
29106 27 22 49
29106 27 22 49
3960 15 11 24
3780 15 9 28
32670 33 18 55
38500 28 25 55
15750 25 14 45
36750 35 21 50
21560 28 14 55
24750 30 15 55
51975 33 25 63
86625 45 25 77
29106 27 22 49
13230 21 15 42
51975 33 25 63
36750 35 21 50
9450 18 15 35
3780 15 9 28
13230 21 15 42
14520 22 15 44
21560 28 14 55
6600 20 10 33
21560 28 14 55
14520 22 15 44
5544 18 11 28
13230 21 15 42
14850 25 18 33
20580 28 15 49
38500 28 25 55
15400 25 14 44
9450 18 15 35
9450 18 15 35
21560 28 14 55
13230 21 15 42
86625 45 25 77
33880 28 22 55
20580 28 15 49
51975 33 25 63
38500 28 25 55
13230 21 15 42
38500 28 25 55
51975 33 25 63
6600 20 10 33
75460 49 28 55
72765 35 33 63
4200 15 10 28
3780 15 9 28
3960 15 11 24
5880 15 14 28
20580 28 15 49
5880 15 14 28
45276 33 28 49
12936 22 14 42
90750 50 33 55
2520 12 10 21
90750 50 33 55
36750 35 21 50
51975 33 25 63
3960 15 11 24
51450 35 21 70
45276 33 28 49
3780 15 9 28
13230 21 15 42
86625 45 25 77
6600 20 10 33
13230 21 15 42
5940 18 10 33
51450 35 21 70
16500 25 15 44
45738 33 21 66
45276 33 28 49
14520 22 15 44
14520 22 15 44
45738 33 21 66
10500 20 15 35
15750 25 14 45
51975 33 25 63
29106 27 22 49
38500 28 25 55
13230 21 15 42
10500 20 15 35
51975 33 25 63
20328 22 21 44
3960 15 11 24
38500 28 25 55
10500 20 15 35
38500 28 25 55
9450 18 15 35
33880 28 22 55
