100 5 4 5
105 5 3 7
108 6 3 6
112 4 4 7
120 5 3 8
125 5 5 5
126 6 3 7
128 4 4 8
135 5 3 9
140 5 4 7
144 6 3 8
150 5 3 10
160 5 4 8
162 6 3 9
168 6 4 7
175 5 5 7
180 6 3 10
192 6 4 8
196 7 4 7
198 6 3 11
200 5 4 10
210 6 5 7
216 6 3 12
224 7 4 8
225 5 5 9
240 6 4 10
245 7 5 7
250 5 5 10
252 7 4 9
256 8 4 8
264 6 4 11
270 6 5 9
280 7 4 10
288 6 4 12
294 7 6 7
300 6 5 10
308 7 4 11
315 7 5 9
320 8 4 10
324 6 6 9
330 6 5 11
336 7 4 12
343 7 7 7
350 7 5 10
352 8 4 11
360 6 5 12
364 7 4 13
378 7 6 9
384 8 4 12
385 7 5 11
392 7 4 14
396 6 6 11
400 8 5 10
405 9 5 9
416 8 4 13
420 7 5 12
432 6 6 12
440 8 5 11
441 7 7 9
448 8 4 14
450 9 5 10
455 7 5 13
462 7 6 11
480 8 4 15
486 9 6 9
490 7 5 14
495 9 5 11
